image_width: 640
image_height: 480
camera_name: camera
camera_matrix:
  rows: 3
  cols: 3
  data: [1519.228330, 0.000000, 308.346052, 0.000000, 1522.381344, 239.975846, 0.000000, 0.000000, 1.000000]
distortion_model: plumb_bob
distortion_coefficients:
  rows: 1
  cols: 5
  data: [-0.143404, -0.044405, 0.008593, -0.004002, 0.000000]
rectification_matrix:
  rows: 3
  cols: 3
  data: [1.000000, 0.000000, 0.000000, 0.000000, 1.000000, 0.000000, 0.000000, 0.000000, 1.000000]
projection_matrix:
  rows: 3
  cols: 4
  data: [1509.690430, 0.000000, 307.336399, 0.000000, 0.000000, 1516.920410, 240.992191, 0.000000, 0.000000, 0.000000, 1.000000, 0.000000]
