# oST version 5.0 parameters


[image]

width
640

height
480

[camera]

camera matrix
1519.228330 0.000000 308.346052
0.000000 1522.381344 239.975846
0.000000 0.000000 1.000000

distortion
-0.143404 -0.044405 0.008593 -0.004002 0.000000

rectification
1.000000 0.000000 0.000000
0.000000 1.000000 0.000000
0.000000 0.000000 1.000000

projection
1509.690430 0.000000 307.336399 0.000000
0.000000 1516.920410 240.992191 0.000000
0.000000 0.000000 1.000000 0.000000

