# oST version 5.0 parameters


[image]

width
640

height
480

[camera]

camera matrix
800.327082 0.000000 320.624332
0.000000 799.660108 224.617841
0.000000 0.000000 1.000000

distortion
-0.220695 0.250822 -0.000326 0.000550 0.000000

rectification
1.000000 0.000000 0.000000
0.000000 1.000000 0.000000
0.000000 0.000000 1.000000

projection
776.041687 0.000000 320.891488 0.000000
0.000000 784.733337 224.018651 0.000000
0.000000 0.000000 1.000000 0.000000

